[6.76803118908382, 51.748538011695906, 2.0896686159844053, 354.42105263157896]
[3.3945822307677824, 16.405115056190215, 0.7822036692851246, 93.46103474109604]
weights: [0.6403975515101816, 0.2717683242645307, 0.8599421808274007, 0.2442876109610288], output: 1.6371921782916947, delta: 0.0
weights: [0.9232672758305663, 0.2044198133361007, 0.4074916495772528, 0.2996246685475147], output: 1.359133477469911, delta: 0.0
weights: [0.8243071747279767, 0.5061309338783472, 0.07924791267001541, 0.5319695129473541], output: 1.1122420771213322, delta: 0.0
weights: [0.4166076744097016, -1.3635696362364311, 1.134451630214634, 0.06207700011065228], output: 0.14918254092030503, delta: 0.5133958190824778
