[5.508474576271187, 54.644067796610166, 2.169491525423729, 371.9491525423729]
[3.567142337045645, 13.218839549909479, 0.6677191730031259, 72.87100833125626]
weights: [0.09723250857670673, 0.15378249079098028, 0.08754280043206963, 0.6465392687199575], output: 0.8307931681241629, delta: 0.0
weights: [0.8515596732632212, 0.17891731500630337, 0.8827814585109114, 0.24304081937890465], output: 0.9094502980343627, delta: 0.0
weights: [0.5527293000719375, 0.3112693180254389, 0.8512463493659621, 0.6213259684390253], output: 1.5823669096299788, delta: 0.0
weights: [0.17008064017344937, 0.1797499089679961, -0.07144750495654667, 0.05037041163637623], output: 0.24108494429960645, delta: 0.20009986709780997
